10004,528,963,1122,1437,1506,1430	
10011,2096,3772,4588,6186,5224,4520	
10018,566,921,1104,1483,1231,952	
10025,628,1183,1404,1820,1746,1949	
10032,299,479,602,861,943,675	
10039,97,164,160,194,122,139	
10305,194,310,404,583,714,479	
10312,196,408,404,579,859,768	
10452,149,222,345,631,614,254	
10459,194,335,463,654,576,266	
10466,290,451,360,531,899,508	
10473,249,204,207,285,458,831	
11005,1,2,7,1,3,0	
11040,16,35,69,68,59,74	
11103,452,599,598,1212,1843,591	
11201,878,1607,1953,2488,2251,2080	
11208,190,304,391,639,659,566	
11215,760,1286,1629,2179,2090,1772	
11222,452,683,871,924,964,1040	
11229,494,841,899,1468,1056,953	
11236,143,320,376,384,471,385	
11355,593,841,1033,1421,1153,876	
11362,200,299,309,399,465,335	
11369,155,211,286,376,316,211	
11411,36,89,75,171,91,61	
11418,264,363,362,521,413,278	
11432,474,634,718,1024,932,732	
11691,328,347,278,553,415,374	
