10005,374,502,636,804,775,609	
10012,853,1384,1569,2326,2008,1782	
10019,867,1559,1934,2959,2627,1781	
10026,315,422,480,658,602,708	
10033,311,472,507,799,629,591	
10040,168,280,300,508,453,264	
10075,364,634,758,924,942,861	
10278,0,0,0,0,0,4	
10306,310,520,598,927,739,724	
10453,252,343,340,617,640,443	
10460,163,253,338,506,547,396	
10467,344,504,508,857,524,535	
10474,107,126,135,255,139,189	
10803,0,0,8,2,4,0	
11104,147,257,258,647,420,239	
11209,353,658,800,1437,1024,657	
11216,245,493,585,761,829,1106	
11223,360,704,908,1270,928,757	
11230,469,811,926,1564,1336,1508	
11237,359,432,498,808,814,713	
11356,196,335,325,444,398,305	
11363,59,92,147,157,153,217	
11370,151,207,240,465,304,226	
11377,427,597,715,1274,1266,545	
11412,101,157,161,282,250,215	
11419,270,385,469,732,529,328	
11426,106,249,251,328,218,175	
11433,221,244,267,377,414,249	
11692,227,309,179,89,143,53	
