10002,926,1422,1694,2766,2052,2031	
10009,971,1224,1588,1966,1656,1069	
10016,868,1653,1906,2967,2386,2033	
10023,1342,2092,2555,3387,3349,2849	
10030,230,349,262,350,324,464	
10037,76,118,141,244,165,161	
10044,21,13,18,33,63,42	
10065,756,1338,1550,2101,2184,1792	
10128,548,925,1177,1714,1439,1339	
10282,39,71,80,74,26,68	
10303,52,176,122,163,167,155	
10310,195,199,245,457,596,392	
10457,327,410,541,796,733,862	
10464,38,71,72,134,74,65	
10471,116,212,233,320,514,318	
11101,520,732,909,1459,1310,1049	
11206,360,555,755,989,1087,1046	
11213,163,289,551,439,428,539	
11220,465,871,1199,1315,1161,1214	
11234,179,395,449,831,550,483	
11241,0,5,6,11,25,19	
11360,111,155,202,273,252,262	
11367,227,298,360,536,483,563	
11374,225,361,481,624,476,398	
11416,175,170,181,355,288,179	
11423,161,249,230,291,304,239	
11430,9,9,12,11,9,11	
