10003,2572,4650,5570,7703,6589,5301	
10010,702,999,1409,1698,1595,1501	
10017,702,1271,1684,2450,2221,1740	
10024,717,1066,1489,1804,1747,1603	
10031,490,578,661,887,925,688	
10038,351,675,770,1109,1081,892	
10304,182,331,421,641,513,473	
10451,414,564,505,846,805,654	
10458,307,359,553,737,979,493	
10465,213,240,236,351,327,251	
10472,205,266,325,659,610,368	
11004,121,260,293,348,348,267	
11102,379,523,718,1098,850,591	
11109,11,0,5,2,1,9	
11207,292,458,530,882,670,1012	
11214,364,615,682,998,976,642	
11221,224,484,634,1029,1512,1669	
11228,228,325,376,580,479,528	
11235,467,808,985,1298,1443,1005	
11249,27,53,42,49,81,82	
11354,656,1121,1010,1516,1257,967	
11361,314,502,504,781,580,513	
11368,605,784,820,1368,1112,725	
11375,485,741,928,1481,1067,869	
11417,143,204,233,378,463,239	
11697,111,114,149,111,363,678	
