10000,0,0,0,1,2,0	
10007,483,782,818,1201,985,865	
10014,992,1524,1944,2582,2002,1680	
10021,757,1447,1731,2120,1914,1581	
10028,623,1113,1344,1749,1579,1451	
10035,406,466,413,618,578,650	
10280,63,77,81,76,94,66	
10301,214,352,464,607,576,664	
10308,111,165,176,333,491,280	
10455,264,367,355,574,555,370	
10462,250,359,464,794,595,395	
10469,401,383,380,665,573,313	
11001,16,58,57,58,34,48	
11106,337,540,602,1209,975,612	
11204,314,587,591,914,852,692	
11211,778,1270,1603,1829,1892,1828	
11218,285,565,727,1224,1163,709	
11225,111,285,290,440,446,568	
11232,150,284,294,355,377,269	
11239,13,50,214,188,84,22	
11358,357,491,586,800,537,579	
11365,253,597,560,618,500,677	
11372,347,544,596,1028,685,403	
11379,210,278,275,445,724,411	
11414,203,267,278,426,323,240	
11421,125,168,207,371,290,200	
11428,111,137,123,245,187,150	
11435,462,428,471,819,598,369	
11694,221,267,313,441,459,283	
