10001,1018,1652,2084,2893,2663,2423	
10022,1132,2278,2883,3828,3371,2839	
10029,607,682,771,1166,1187,939	
10036,812,1662,2084,2951,2537,1819	
10281,35,83,55,114,165,287	
10302,98,184,119,286,215,158	
10309,215,383,471,580,559,552	
10456,287,413,506,760,725,461	
10463,285,395,488,708,787,622	
10470,49,82,85,144,110,66	
11205,325,565,712,835,891,844	
11212,178,341,482,775,602,423	
11219,433,715,789,1143,1030,897	
11226,202,417,515,914,803,833	
11233,143,299,439,601,572,826	
11359,6,0,6,0,1,1	
11366,153,241,295,364,323,365	
11373,418,668,690,1181,960,576	
11415,137,129,139,239,279,369	
11422,144,178,162,306,235,153	
11429,134,138,115,161,145,120	
11436,92,112,104,224,160,153	
11695,0,0,0,0,0,0	
