10006,265,407,406,591,575,610	
10013,1759,3022,3400,4446,3856,3108	
10020,72,181,312,270,284,284	
10027,695,1051,1039,1454,1407,1197	
10034,144,241,293,467,468,438	
10048,3,3,4,2,1,4	
10069,26,55,60,67,58,72	
10307,95,128,198,207,298,298	
10314,316,521,701,1134,976,779	
10454,198,286,353,640,477,514	
10461,321,417,411,724,728,326	
10468,218,253,367,623,646,470	
10475,117,170,147,208,198,485	
11105,431,525,677,1103,867,519	
11203,221,360,404,642,659,451	
11210,212,398,519,622,1087,829	
11217,465,757,1010,1217,1357,1199	
11224,135,252,284,580,496,442	
11231,359,642,745,973,969,959	
11238,398,762,940,1116,1103,1272	
11357,345,695,665,871,1040,608	
11364,189,405,411,598,523,509	
11378,328,410,497,759,647,582	
11385,390,563,693,1289,846,711	
11413,180,233,228,387,315,350	
11420,252,412,540,687,550,454	
11427,112,137,173,237,209,192	
11434,242,349,474,552,453,433	
11693,73,101,120,160,234,193	
