10001	12089000
10002	43487000
10009	20817000
10011	716000
10016	4083000
10023	652000
10024	1999000
10025	2625500
10026	23935500
10027	28843000
10029	49229000
10030	99422000
10031	1410000
10032	2720000
10034	420000
10035	6992500
10037	1243000
10039	5828000
10128	517000
10301	23169000
10303	720000
10310	1087000
10314	28317000
10451	6126000
10452	1058000
10454	2592000
10455	5157000
10456	8694500
10457	1557000
10459	8160500
10460	3279000
10461	625000
10463	7654000
10465	2431000
10466	2614000
10467	33443000
10469	17451900
10472	13656000
10473	22749000
10474	9187000
10475	541000
11101	1948000
11106	2029000
11201	48039000
11203	9692000
11205	74732000
11206	306199000
11207	173459000
11208	83917000
11211	102999000
11212	234852000
11213	93755000
11216	41081000
11217	68804000
11221	111733000
11222	21039000
11223	51800000
11224	117556000
11225	2642000
11229	89926000
11231	49194000
11233	146238000
11234	30244000
11235	45248000
11236	124679000
11237	11181000
11238	35203000
11239	7520000
11354	1471000
11356	309000
11365	779000
11367	779000
11377	708000
11432	932000
