10001,	10879
10002,	6968
10003,	10821
10004,	27
10005,	1413
10006,	1382
10007,	1376
10009,	4279
10010,	7543
10011,	11195
10012,	9109
10013,	4333
10014,	8095
10016,	8350
10017,	6492
10018,	8415
10019,	7282
10020,	5206
10021,	6536
10022,	8059
10023,	3867
10024,	3404
10025,	3280
10026,	882
10027,	522
10028,	6337
10029,	1169
10030,	164
10031,	276
10032,	145
10033,	87
10034,	13
10035,	644
10036,	8960
10037,	159
10038,	1354
10039,	28
10040,	50
10044,	653
10048,	771
10065,	3172
10069,	1233
10111,	6726
10115,	590
10128,	3361
10280,	499
10281,	605
10282,	560
10301,	2
10303,	33
10305,	1
10306,	1
10307,	13
10308,	1
10309,	1
10312,	2
10451,	23
10452,	8
10453,	6
10454,	12
10455,	6
10456,	4
10457,	2
10458,	4
10459,	8
10460,	1
10461,	3
10462,	6
10465,	5
10466,	3
10467,	3
10468,	4
10470,	19
10471,	9
10472,	6
10473,	2
10474,	2
10475,	9
11004,	1
11040,	19
11096,	3128
11101,	901
11102,	425
11103,	299
11104,	398
11105,	143
11106,	511
11109,	1
11201,	1538
11203,	2
11204,	9
11205,	276
11206,	375
11207,	3
11208,	8
11209,	9
11210,	8
11211,	3130
11212,	3
11213,	40
11214,	3
11215,	353
11216,	148
11217,	1264
11218,	21
11219,	2
11220,	10
11221,	123
11222,	652
11223,	2
11224,	1
11225,	85
11226,	18
11228,	4
11229,	2
11230,	13
11231,	389
11232,	38
11233,	15
11234,	6
11235,	5
11237,	90
11238,	268
11239,	1
11251,	2
11354,	16
11355,	4
11356,	4
11357,	2
11358,	1
11361,	1
11364,	2
11365,	5
11366,	1
11367,	6
11368,	28
11369,	2417
11371,	3161
11372,	150
11373,	58
11374,	49
11375,	78
11377,	178
11378,	11
11379,	5
11385,	6
11411,	3
11415,	30
11416,	1
11417,	3
11418,	1
11419,	3
11420,	2
11421,	4
11422,	2
11426,	2
11429,	1
11430,	3744
11432,	7
11434,	5
11435,	37
11436,	67
11691,	2
11697,	1
